LocalTimestamp,EmotiBitTimestamp,PacketNumber,DataLength,TypeTag,ProtocolVersion,DataReliability,BI
1734686320.280649,596712,29934,1,BI,1,100,3080
1734686320.893672,597325,30034,1,BI,1,100,600
1734686321.253686,597685,30101,1,BI,1,100,360
1734686321.973713,598405,30218,1,BI,1,100,720
1734686322.693740,599125,30334,1,BI,1,100,720
1734686323.533772,599965,30466,1,BI,1,100,840
1734686324.346802,600778,30606,1,BI,1,100,800
1734686325.346840,601778,30773,1,BI,1,100,1000
1734686325.706853,602138,30823,1,BI,1,100,360
1734686326.826895,603258,31006,1,BI,1,100,1120
1734686328.639963,605071,31304,1,BI,1,100,1800
1734686329.920012,606351,31506,1,BI,1,100,1280
1734686330.720042,607151,31640,1,BI,1,100,800
1734686331.360065,607791,31741,1,BI,1,100,640
1734686332.093093,608524,31856,1,BI,1,100,720
1734686332.653114,609084,31957,1,BI,1,100,560
1734686333.293138,609724,32056,1,BI,1,100,640
1734686333.853159,610284,32157,1,BI,1,100,560
1734686334.533185,610964,32263,1,BI,1,100,680
1734686335.546223,611977,32429,1,BI,1,100,1000
1734686336.546260,612977,32595,1,BI,1,100,1000
1734686337.306289,613737,32711,1,BI,1,100,760
1734686338.226323,614657,32860,1,BI,1,100,920
1734686339.106357,615537,33009,1,BI,1,100,880
1734686340.119395,616550,33168,1,BI,1,100,1000
1734686340.799420,617230,33267,1,BI,1,100,680
1734686341.679453,618110,33416,1,BI,1,100,880
1734686342.799495,619230,33599,1,BI,1,100,1120
1734686343.572524,620003,33715,1,BI,1,100,760
1734686344.372554,620803,33847,1,BI,1,100,800
1734686345.332590,621763,34006,1,BI,1,100,960
1734686347.425669,623856,34334,1,BI,1,100,2080
1734686348.105695,624536,34450,1,BI,1,100,680
1734686349.065731,625496,34599,1,BI,1,100,960
1734686349.985765,626416,34754,1,BI,1,100,920
1734686350.718793,627149,34871,1,BI,1,100,720
1734686351.638827,628069,35021,1,BI,1,100,920
1734686352.678866,629109,35185,1,BI,1,100,1040
1734686353.438895,629869,35318,1,BI,1,100,760
1734686354.331928,630762,35466,1,BI,1,100,880
1734686355.331966,631762,35625,1,BI,1,100,1000
1734686356.171998,632602,35757,1,BI,1,100,840
1734686357.612052,634042,35987,1,BI,1,100,1440
1734686358.545087,634975,36153,1,BI,1,100,920
1734686359.425120,635855,36285,1,BI,1,100,880
1734686359.985141,636415,36391,1,BI,1,100,560
1734686360.185148,636615,36411,1,BI,1,100,200
1734686360.785171,637215,36510,1,BI,1,100,600
1734686361.785208,638215,36676,1,BI,1,100,1000
1734686362.758245,639188,36842,1,BI,1,100,960
1734686363.438271,639868,36941,1,BI,1,100,680
1734686363.798284,640228,37008,1,BI,1,100,360
1734686364.318304,640748,37093,1,BI,1,100,520
1734686365.437346,641867,37284,1,BI,1,100,1120
1734686366.451384,642881,37448,1,BI,1,100,1000
1734686367.131409,643561,37549,1,BI,1,100,680
1734686367.971441,644401,37682,1,BI,1,100,840
1734686368.931477,645361,37848,1,BI,1,100,960
1734686369.704506,646134,37980,1,BI,1,100,760
1734686370.424533,646854,38087,1,BI,1,100,720
1734686371.344568,647774,38237,1,BI,1,100,920
1734686372.304604,648734,38386,1,BI,1,100,960
1734686373.183637,649613,38534,1,BI,1,100,880
1734686373.877663,650307,38651,1,BI,1,100,680
1734686374.917702,651347,38815,1,BI,1,100,1040
1734686375.757734,652187,38942,1,BI,1,100,840
1734686376.556763,652986,39075,1,BI,1,100,800
1734686377.570801,654000,39239,1,BI,1,100,1000
1734686378.290829,654720,39357,1,BI,1,100,720
1734686379.409871,655839,39537,1,BI,1,100,1120
1734686380.249902,656679,39672,1,BI,1,100,840
1734686380.929928,657359,39779,1,BI,1,100,680
1734686381.103934,657533,39812,1,BI,1,100,160
1734686381.663955,658093,39896,1,BI,1,100,560
1734686382.623991,659053,40062,1,BI,1,100,960
1734686385.077084,661506,40455,1,BI,1,100,2440
1734686386.156124,662585,40630,1,BI,1,100,1080
1734686387.037157,663466,40780,1,BI,1,100,880
1734686387.676181,664105,40879,1,BI,1,100,640
1734686388.556214,664985,41028,1,BI,1,100,880
1734686389.490249,665919,41178,1,BI,1,100,920
1734686390.489287,666918,41346,1,BI,1,100,1000
1734686391.249316,667678,41466,1,BI,1,100,760
1734686392.009344,668438,41584,1,BI,1,100,760
1734686392.863376,669292,41731,1,BI,1,100,840
1734686393.662406,670091,41849,1,BI,1,100,800
1734686394.342432,670771,41964,1,BI,1,100,680
1734686395.142462,671571,42096,1,BI,1,100,800
1734686396.062496,672491,42253,1,BI,1,100,920
1734686396.755522,673184,42354,1,BI,1,100,680
1734686397.515551,673944,42487,1,BI,1,100,760
1734686398.395584,674824,42635,1,BI,1,100,880
1734686399.315619,675744,42785,1,BI,1,100,920
1734686400.089648,676518,42900,1,BI,1,100,760
1734686400.888678,677317,43035,1,BI,1,100,800
1734686401.688708,678117,43156,1,BI,1,100,800
1734686402.488738,678917,43288,1,BI,1,100,800
1734686402.648744,679077,43324,1,BI,1,100,160
1734686403.248766,679677,43423,1,BI,1,100,600
1734686403.941792,680370,43539,1,BI,1,100,680
1734686404.741822,681170,43672,1,BI,1,100,800
1734686405.501851,681930,43790,1,BI,1,100,760
1734686406.341882,682770,43927,1,BI,1,100,840
1734686407.061909,683490,44044,1,BI,1,100,720
1734686407.994945,684423,44194,1,BI,1,100,920
1734686408.954981,685383,44358,1,BI,1,100,960
1734686409.795012,686223,44490,1,BI,1,100,840
1734686410.595042,687023,44625,1,BI,1,100,800
1734686411.395072,687823,44747,1,BI,1,100,800
1734686412.248104,688676,44880,1,BI,1,100,840
1734686413.048134,689476,45012,1,BI,1,100,800
1734686413.768162,690196,45130,1,BI,1,100,720
1734686414.568192,690996,45263,1,BI,1,100,800
1734686415.301219,691729,45380,1,BI,1,100,720
1734686416.101249,692529,45512,1,BI,1,100,800
1734686416.861278,693289,45637,1,BI,1,100,760
1734686417.621306,694049,45754,1,BI,1,100,760
1734686418.261330,694689,45853,1,BI,1,100,640
1734686419.114362,695542,46001,1,BI,1,100,840
1734686419.994395,696422,46134,1,BI,1,100,880
1734686420.154401,696582,46171,1,BI,1,100,160
1734686420.714422,697142,46270,1,BI,1,100,560
1734686421.474451,697902,46395,1,BI,1,100,760
1734686422.274481,698702,46512,1,BI,1,100,800
1734686423.127513,699555,46660,1,BI,1,100,840
1734686423.887542,700315,46778,1,BI,1,100,760
1734686424.567567,700995,46894,1,BI,1,100,680
1734686425.287594,701715,47011,1,BI,1,100,720
1734686426.007621,702435,47129,1,BI,1,100,720
1734686427.020659,703448,47286,1,BI,1,100,1000
1734686427.660683,704088,47385,1,BI,1,100,640
1734686428.140702,704568,47468,1,BI,1,100,480
1734686428.900730,705328,47585,1,BI,1,100,760
1734686429.100738,705528,47620,1,BI,1,100,200
1734686429.780763,706208,47735,1,BI,1,100,680
1734686430.553792,706981,47853,1,BI,1,100,760
1734686431.273819,707701,47988,1,BI,1,100,720
1734686432.033848,708461,48108,1,BI,1,100,760
1734686432.913881,709341,48241,1,BI,1,100,880
1734686433.913918,710341,48407,1,BI,1,100,1000
1734686434.526941,710954,48505,1,BI,1,100,600
1734686435.286970,711714,48642,1,BI,1,100,760
1734686436.127002,712554,48774,1,BI,1,100,840
1734686437.007035,713434,48910,1,BI,1,100,880
1734686437.780064,714207,49042,1,BI,1,100,760
1734686437.860067,714287,49062,1,BI,1,100,80
1734686438.540092,714967,49161,1,BI,1,100,680
1734686439.460127,715887,49309,1,BI,1,100,920
1734686440.340160,716767,49461,1,BI,1,100,880
1734686441.100188,717527,49578,1,BI,1,100,760
1734686442.033223,718460,49734,1,BI,1,100,920
1734686443.153265,719580,49914,1,BI,1,100,1120
1734686443.793289,720220,50015,1,BI,1,100,640
1734686445.806365,722233,50345,1,BI,1,100,2000
1734686446.606395,723033,50478,1,BI,1,100,800
1734686447.446427,723873,50583,1,BI,1,100,840
1734686448.326460,724753,50732,1,BI,1,100,880
1734686448.886481,725313,50817,1,BI,1,100,560
1734686449.739513,726166,50965,1,BI,1,100,840
1734686450.819553,727246,51133,1,BI,1,100,1080
1734686451.419576,727846,51232,1,BI,1,100,600
1734686452.339611,728766,51370,1,BI,1,100,920
1734686453.192643,729619,51520,1,BI,1,100,840
1734686454.192680,730619,51668,1,BI,1,100,1000
1734686454.912707,731339,51785,1,BI,1,100,720
1734686455.712737,732139,51919,1,BI,1,100,800
1734686456.765777,733192,52085,1,BI,1,100,1040
1734686457.485804,733912,52211,1,BI,1,100,720
1734686458.365837,734792,52343,1,BI,1,100,880
1734686459.285872,735712,52492,1,BI,1,100,920
1734686460.138904,736565,52624,1,BI,1,100,840
1734686460.938934,737365,52761,1,BI,1,100,800
1734686461.858968,738285,52911,1,BI,1,100,920
1734686462.778003,739204,53046,1,BI,1,100,920
1734686463.579033,740005,53134,1,BI,1,100,800
1734686464.352062,740778,53250,1,BI,1,100,760
1734686465.152092,741578,53382,1,BI,1,100,800
1734686466.071126,742497,53533,1,BI,1,100,920
1734686466.191131,742617,53568,1,BI,1,100,120
1734686466.751152,743177,53651,1,BI,1,100,560
1734686467.605184,744031,53789,1,BI,1,100,840
1734686468.525219,744951,53939,1,BI,1,100,920
1734686469.445253,745871,54087,1,BI,1,100,920
1734686470.244283,746670,54222,1,BI,1,100,800
1734686471.098315,747524,54354,1,BI,1,100,840
1734686472.018350,748444,54504,1,BI,1,100,920
1734686472.897383,749323,54644,1,BI,1,100,880
1734686473.777416,750203,54793,1,BI,1,100,880
1734686474.537445,750963,54908,1,BI,1,100,760
1734686475.271472,751697,55045,1,BI,1,100,720
1734686476.110504,752536,55177,1,BI,1,100,840
1734686477.030538,753456,55327,1,BI,1,100,920
1734686477.990574,754416,55481,1,BI,1,100,960
1734686478.884608,755310,55631,1,BI,1,100,880
1734686479.644636,756070,55746,1,BI,1,100,760
1734686480.523669,756949,55898,1,BI,1,100,880
1734686481.403702,757829,56030,1,BI,1,100,880
1734686482.457742,758883,56210,1,BI,1,100,1040
1734686483.016763,759442,56283,1,BI,1,100,560
1734686483.857795,760283,56415,1,BI,1,100,840
1734686484.657825,761083,56550,1,BI,1,100,800
1734686485.376852,761802,56668,1,BI,1,100,720
1734686486.229884,762655,56817,1,BI,1,100,840
1734686487.029914,763455,56949,1,BI,1,100,800
1734686487.909947,764335,57082,1,BI,1,100,880
1734686488.709977,765135,57205,1,BI,1,100,800
1734686489.590010,766015,57355,1,BI,1,100,880
1734686490.563046,766988,57521,1,BI,1,100,960
1734686491.403078,767828,57653,1,BI,1,100,840
1734686492.243110,768668,57786,1,BI,1,100,840
1734686492.363114,768788,57804,1,BI,1,100,120
1734686493.283149,769708,57959,1,BI,1,100,920
1734686494.016176,770441,58076,1,BI,1,100,720
1734686494.776205,771201,58208,1,BI,1,100,760
1734686495.616236,772041,58343,1,BI,1,100,840
1734686496.416266,772841,58475,1,BI,1,100,800
1734686497.189296,773614,58591,1,BI,1,100,760
1734686497.949324,774374,58724,1,BI,1,100,760
1734686498.909360,775334,58876,1,BI,1,100,960
1734686499.869396,776294,59024,1,BI,1,100,960
1734686500.669426,777094,59160,1,BI,1,100,800
1734686501.602461,778027,59307,1,BI,1,100,920
1734686502.482494,778907,59456,1,BI,1,100,880
1734686503.362527,779787,59605,1,BI,1,100,880
1734686504.122556,780547,59730,1,BI,1,100,760
1734686504.895585,781320,59846,1,BI,1,100,760
1734686505.695615,782120,59980,1,BI,1,100,800
1734686506.575648,783000,60130,1,BI,1,100,880
1734686507.375678,783800,60262,1,BI,1,100,800
1734686508.188709,784613,60395,1,BI,1,100,800
1734686509.148745,785573,60548,1,BI,1,100,960
1734686510.188784,786613,60714,1,BI,1,100,1040
1734686511.148820,787573,60863,1,BI,1,100,960
1734686511.988852,788413,61012,1,BI,1,100,840
1734686513.001889,789426,61176,1,BI,1,100,1000
1734686513.161896,789586,61195,1,BI,1,100,160
1734686513.921924,790346,61320,1,BI,1,100,760
1734686514.681953,791106,61452,1,BI,1,100,760
1734686515.441981,791866,61570,1,BI,1,100,760
1734686516.255012,792679,61703,1,BI,1,100,800
1734686517.135045,793559,61851,1,BI,1,100,880
1734686518.015078,794439,61986,1,BI,1,100,880
1734686518.775106,795199,62122,1,BI,1,100,760
1734686519.748143,796172,62256,1,BI,1,100,960
1734686520.708179,797132,62423,1,BI,1,100,960
1734686521.908224,798332,62621,1,BI,1,100,1200
1734686522.668253,799092,62738,1,BI,1,100,760
1734686523.601288,800025,62886,1,BI,1,100,920
1734686524.481321,800905,63042,1,BI,1,100,880
1734686525.161346,801585,63140,1,BI,1,100,680
1734686525.361354,801785,63178,1,BI,1,100,200
1734686525.921375,802345,63277,1,BI,1,100,560
1734686526.801408,803225,63409,1,BI,1,100,880
1734686527.694442,804118,63559,1,BI,1,100,880
1734686528.534473,804958,63691,1,BI,1,100,840
1734686529.294502,805718,63812,1,BI,1,100,760
1734686530.054530,806478,63944,1,BI,1,100,760
1734686530.934563,807358,64096,1,BI,1,100,880
1734686531.827597,808251,64228,1,BI,1,100,880
1734686532.587625,809011,64361,1,BI,1,100,760
1734686533.387655,809811,64493,1,BI,1,100,800
1734686534.427695,810851,64662,1,BI,1,100,1040
1734686535.440732,811864,64813,1,BI,1,100,1000
1734686536.320765,812744,64963,1,BI,1,100,880
1734686537.120796,813544,65095,1,BI,1,100,800
1734686538.240838,814664,65277,1,BI,1,100,1120
1734686539.173873,815597,65425,1,BI,1,100,920
1734686540.053906,816477,31,1,BI,1,100,880
1734686540.773933,817197,148,1,BI,1,100,720
1734686541.373955,817797,249,1,BI,1,100,600
1734686542.346992,818770,413,1,BI,1,100,960
1734686542.426995,818850,432,1,BI,1,100,80
1734686543.067019,819490,533,1,BI,1,100,640
1734686543.867049,820290,666,1,BI,1,100,800
1734686544.827085,821250,817,1,BI,1,100,960
1734686545.707118,822130,969,1,BI,1,100,880
1734686546.480147,822903,1084,1,BI,1,100,760
1734686547.200174,823623,1203,1,BI,1,100,720
1734686548.120209,824543,1349,1,BI,1,100,920
1734686548.600227,825023,1434,1,BI,1,100,480
1734686549.360255,825783,1551,1,BI,1,100,760
1734686550.093283,826516,1673,1,BI,1,100,720
1734686550.853312,827276,1808,1,BI,1,100,760
1734686551.573339,827996,1925,1,BI,1,100,720
1734686552.413370,828836,2057,1,BI,1,100,840
1734686553.212400,829635,2176,1,BI,1,100,800
1734686554.026431,830449,2308,1,BI,1,100,800
1734686554.825461,831248,2444,1,BI,1,100,800
1734686555.625491,832048,2578,1,BI,1,100,800
1734686556.665530,833088,2744,1,BI,1,100,1040
1734686557.385557,833808,2859,1,BI,1,100,720
1734686557.959579,834382,2960,1,BI,1,100,560
1734686558.759609,835182,3076,1,BI,1,100,800
1734686559.598640,836021,3225,1,BI,1,100,840
1734686560.438672,836861,3366,1,BI,1,100,840
1734686561.292704,837715,3499,1,BI,1,100,840
1734686562.011731,838434,3616,1,BI,1,100,720
1734686562.811761,839234,3749,1,BI,1,100,800
1734686563.651792,840074,3896,1,BI,1,100,840
1734686564.411821,840834,4014,1,BI,1,100,760
1734686565.145849,841568,4119,1,BI,1,100,720
1734686565.985880,842408,4271,1,BI,1,100,840
1734686566.784910,843207,4403,1,BI,1,100,800
1734686567.624942,844047,4536,1,BI,1,100,840
1734686568.344969,844767,4651,1,BI,1,100,720
1734686569.279004,845701,4801,1,BI,1,100,920
1734686570.358044,846780,4972,1,BI,1,100,1080
1734686570.958067,847380,5073,1,BI,1,100,600
1734686571.638093,848060,5188,1,BI,1,100,680
1734686572.478124,848900,5320,1,BI,1,100,840
1734686573.291155,849713,5453,1,BI,1,100,800
1734686574.091185,850513,5585,1,BI,1,100,800
1734686574.811212,851233,5703,1,BI,1,100,720
1734686575.611242,852033,5828,1,BI,1,100,800
1734686576.505275,852927,5975,1,BI,1,100,880
1734686577.465311,853887,6142,1,BI,1,100,960
1734686578.264341,854686,6257,1,BI,1,100,800
1734686578.984368,855406,6375,1,BI,1,100,720
1734686579.824400,856246,6524,1,BI,1,100,840
1734686580.917441,857339,6699,1,BI,1,100,1080
1734686581.757473,858179,6831,1,BI,1,100,840
1734686582.357495,858779,6930,1,BI,1,100,600
1734686583.357533,859779,7096,1,BI,1,100,1000
1734686584.050559,860472,7212,1,BI,1,100,680
1734686584.850589,861272,7345,1,BI,1,100,800
1734686585.610617,862032,7451,1,BI,1,100,760
1734686586.330644,862752,7567,1,BI,1,100,720
1734686587.090673,863512,7699,1,BI,1,100,760
1734686587.903703,864325,7832,1,BI,1,100,800
1734686588.703733,865125,7949,1,BI,1,100,800
1734686589.503764,865925,8081,1,BI,1,100,800
1734686590.303794,866725,8216,1,BI,1,100,800
1734686591.223828,867645,8359,1,BI,1,100,920
1734686592.076860,868498,8507,1,BI,1,100,840
1734686592.876890,869298,8640,1,BI,1,100,800
1734686593.716922,870138,8772,1,BI,1,100,840
1734686594.556953,870978,8905,1,BI,1,100,840
1734686595.329983,871751,9039,1,BI,1,100,760
1734686596.050009,872471,9143,1,BI,1,100,720
1734686596.850039,873271,9275,1,BI,1,100,800
1734686597.650070,874071,9408,1,BI,1,100,800
1734686598.450100,874871,9540,1,BI,1,100,800
1734686599.303132,875724,9673,1,BI,1,100,840
1734686600.223166,876644,9825,1,BI,1,100,920
1734686601.063198,877484,9980,1,BI,1,100,840
1734686601.863228,878284,10096,1,BI,1,100,800
1734686602.716260,879137,10245,1,BI,1,100,840
1734686603.636295,880057,10395,1,BI,1,100,920
1734686604.436325,880857,10527,1,BI,1,100,800
1734686605.196353,881617,10645,1,BI,1,100,760
1734686605.996383,882417,10782,1,BI,1,100,800
1734686606.889417,883310,10932,1,BI,1,100,880
1734686607.609444,884030,11047,1,BI,1,100,720
1734686608.529478,884950,11197,1,BI,1,100,920
1734686609.649520,886070,11378,1,BI,1,100,1120
1734686610.249543,886670,11464,1,BI,1,100,600
1734686610.462551,886883,11516,1,BI,1,100,200
1734686611.062573,887483,11603,1,BI,1,100,600
1734686611.902605,888323,11737,1,BI,1,100,840
1734686612.942644,889363,11902,1,BI,1,100,1040
1734686613.582668,890003,12018,1,BI,1,100,640
1734686614.395699,890816,12150,1,BI,1,100,800
1734686615.275732,891696,12285,1,BI,1,100,880
1734686616.115763,892536,12439,1,BI,1,100,840
1734686616.835790,893256,12540,1,BI,1,100,720
1734686617.635820,894056,12673,1,BI,1,100,800
1734686618.568856,894989,12822,1,BI,1,100,920
1734686619.368886,895789,12954,1,BI,1,100,800
1734686620.248919,896669,13106,1,BI,1,100,880
1734686621.088950,897509,13238,1,BI,1,100,840
1734686622.021985,898442,13394,1,BI,1,100,920
1734686622.742012,899162,13510,1,BI,1,100,720
